+79168578426
+79647833999
+79165715554
+79852905640
+79857647119
+79161213091
+77011288899
+79381617898
+79034302262
+79150658288
+79265739247
+79254684759
+79161690878
+79687662816
+79150125422
+79652010416
+79254528045
+79151001865
+79154405380
+79160535352
+79202678635
+79857672638
+79266315270
+79255810750
+79686663665
+79257332944
+79250740020
+79260953245
+79645958689
+79377974999
+79257047025
+79267507763
+79287577532
+79299635259
+79168731487
+79788215758
+79215920462
+79119234077
+79061179479
+79061179479
+79511389051
+79107451217
+79856343759
+79381308295
+79154229194
+79096794316
+79096794316
+79156386763
+79005263666
+79857630390
+79101113388
+79515309309
+79856343759
+79035783031
+79219465110
+79687126479
+79282702801
+79541013806
+79155699117
+79032842573
+79265232738
+79206710320
+79045063004
+79165481529
+79104651940
+79612774403
+79671571610
+79161426232
+79282791490
+79175623235
+79037203805
+79252149834
+79262574191
+79035073065
+79188540387
+79684925952
+79039674854
+79258673723
+79262935044
+79164816146
+79646302010
+79646302010
+79645018774
+79287746132
+79265318563
+79045203759
+79859999001
+79639919990
+79508433807
+79096489397
+79856961918
+79381465181
+79054520249
+79629367119
+79526041859
+79296275743
+79183837205
+79150246034
+79680810457
+79780693744
+79787505277
+79857600467
+79107410174
+79107410174
+79268755990
+79685327053
+79192680271
+79114892335
+79263689473
+79688474006
+79604520637
+79117901482
+79034734064
+79266428319
+79096605122
+79266787544
+79780209677
+79054310649
+79685982628
+79788215767
+79788897731
+79655101184
+79254211135
+79857808304
+79852132949
+79165253467
+79637151280
+79637151280
+79857644340
+79097412091
+79104148926
+79899043561
+79191701777
+79030072299
+73912493928
+73912667031
+79269116264
+79612846543
+79032448259
+79254113063
+79268822485
+79033480400
+79788596032
+79780062776
+79851989760
+79885483812
+79857708474
+79182067979
+79673212096
+79892342793
+79663556115
+79060712106
+79261790421
+79261547639
+79287787664
+79612863183
+79267603083
+79209820932
+79209820932
+79034052606
+79645017771
+79688709877
+79081865873
+79267029849
+79037726188
+79289575111
+79612949785
+79613073083
+79250710130
+79264751448
+79039607700
+79039607700
+79266745027
+79851266431
+79164907412
+79082813747
+79257723572
+79262029172
+79854363164
+79381184702
+79269120993
+79266369882
+79805221158
+79104200671
+79265251648
+79265251648
+77051061511
+77054053105
+79154229194
+79037455106
+79151543107
+79634278800
+79197610803
+79153918618
+79268855073
+79262114517
+79651511957
+79163040250
+79807221174
+79256210670
+79282406171
+79202678635
+79037217696
+79037248263
+79153047828
+79165801836
+79672633215
+79672633215
+79161376190
+79780592739
+79107897577
+79156386763
+79856952592
+79034606086
+79281002576
+79787811408
+79163554779
+79037470135
+79164168874
+79283183901
+79645207823
+79268551245
+79255024255
+79233632423
+79672467630
+79103687232
+79103687232
+79508786666
+79155194101
+79266916119
+79857661123
+79269372576
+79269372576
+79094405769
+79889903069
+79897268757
+79265311752
+79281892196
+79031208346
+79286058701
+79085702143
+79857562115
+79037197570
+79032456537
+79037260882
+79117007676
+79646486701
+79286258032
+79081865873
+79081864595
+79160299133
+79104000164
+79251757340
+79039695367
+77777809071
+77273122643
+77273123148
+77777809071
+77273122643
+77273123148
+79103204582
+79191077707
+79035411055
+79175111107
+79859218459
+79857642994
+79857669325
+79857644314
+79685703410
+79683541828
+79407147723
+79629497103
+79686642651
+79202609589
+79281491136
+79649491296
+79852684944
+79102111030
+79258284472
+79289677159
+79161077734
+79265563720
+79219570950
+79269104595
+79269104595
+79671484955
+79039608798
+79103204582
+79103204582
+79620667679
+79787228542
+79250575351
+79162159927
+79266787102
+79036308832
+79857652850
+79255178225
+79259197650
+79255178225
+79255178225
+79036608338
+79266527705
+79266527705
+79287740454
+79039607987
+79287740454
+79859729764
+79859918581
+79257100344
+79377099921
+79250202435
+79037920853
+79803220145
+79281071413
+79260001149
+79807221427
+79647747419
+79647747419
+79060339083
+79295241085
+79859910078
+79165477732
+79133300008
+79165477732
+79257225249
+79852352851
+79685949876
+79032777162
+79191677965
+79859992809
+79253598531
+79183510086
+79099504644
+79687118574
+79295345230
+79104138847
+79857652829
+79166969758
+79647012482
+79788713144
+79647281300
+79262543879
+79629495766
+79257898067
+79267626115
+79035037318
+79687665489
+79891682054
+79653288698
+79381140477
+79381140477
+79660808465
+79197652481
+79629502074
+79035915916
+79258300792
+79255180073
+79852201793
+79852201793
+79057470955
+79036179859
+79037981171
+79037248195
+79037259643
+79034061516
+79604537519
+79094079833
+79168033669
+79161857013
+79853905960
+79168001518
+79152259665
+79787512151
+79263649490
+79602620687
+79645923652
+79613117993
+79175513692
+79264611050
+79897016727
+79263633423
+79541013807
+79689513087
+79289654961
+79859990502
+79265398658
+79037751389
+79381334519
+79185180270
+79260423166
+79169588899
+79155704045
+79155704045
+79643376630
+79037251227
+79037251227
+79039603910
+79156403000
+79296367316
+79039603910
+79624709714
+79624709714
+79858407996
+79688474004
+79299703333
+79857639081
+79160798800
+79266687801
+79851361330
+79857591058
+79645373837
+79268702292
+79265310300
+79852725226
+79289666876
+79683741116
+79685359607
+79167383685
+79859970169
+79166731135
+79281309699
+79202662666
+79251563855
+79678297633
+79678297633
+79109854950
+79154243964
+79621609686
+79265664239
+79265664239
+79645829023
+79852271962
+79281266666
+79107522264
+79260423166
+79219673749
+79646415028
+79160517434
+79289548068
+79381056483
+79612739480
+79257088791
+79155152095
+79043455752
+79103281283
+79103281283
+79031385680
+79687662822
+79163086989
+79185435682
+79852265781
+77777809071
+77273123148
+79256089721
+79261959038